# successful (recycled) segments
# column 0:    iteration
# column 1:    seg_id
# column 2:    weight
# column>2:    final progress coordinate value
     137           6    3.2839579437922e-118           39.6144            6.0931
     141           1    8.0174754487115e-122           45.2982            6.9868
     141           2    8.0174754487115e-122           46.3116            9.6029
     141           3    8.0174754487115e-122           45.0202            6.7964
     141           6    8.0174754487115e-122           44.4805            7.9938
     142           0    1.0021844310889e-122           43.9894           12.3315
     142           1    1.0021844310889e-122           44.5047           10.5477
     142           2    1.0021844310889e-122           47.4909             9.477
     142           3    1.0021844310889e-122           44.1461           10.6381
     142           4    1.0021844310889e-122           46.5554            6.6676
     142           6    1.0021844310889e-122           46.2543           11.0456
     142           7    1.0021844310889e-122           45.0143            9.0658
     143           0    1.2527305388612e-123           43.1319            6.5004
     143           4    1.2527305388612e-123           45.8102            6.0174
     143           6    1.2527305388612e-123           45.9462             7.095
     144           3    1.5659131735765e-124           42.1413            7.9081
     144           4    1.5659131735765e-124            44.329            8.7022
     144           6    1.5659131735765e-124           44.5714            6.3767
     149           0    4.7787877611586e-129           47.0553            7.0495
     149           3    4.7787877611586e-129           46.1134            6.9801
     149           4    4.7787877611586e-129           48.0532            7.8665
     149           5    4.7787877611586e-129           47.4519            6.1879
     149           6    4.7787877611586e-129           46.9206            6.8831
     151           0    7.4668558768104e-131           51.4312            8.3519
     151           3    7.4668558768104e-131             47.95            6.2706
     151           4    7.4668558768104e-131           51.8086            7.9666
     151           5    7.4668558768104e-131           52.3119            8.9191
     151           7    7.4668558768104e-131           51.4865             6.723
     152           1     9.333569846013e-132           49.4016            6.3517
     153           0    1.1666962307516e-132            53.902           11.5751
     153           3    1.1666962307516e-132           53.7125          9.317699
     153           4    1.1666962307516e-132            50.593            6.6814
     153           6    1.1666962307516e-132           48.6434            6.5152
     154           0    1.4583702884395e-133           53.6305            9.9092
     154           1    1.4583702884395e-133           51.6312            7.0876
     154           2    1.4583702884395e-133           50.9521             6.619
     154           3    1.4583702884395e-133           49.7541            6.9013
     154           4    1.4583702884395e-133            52.507            7.7519
     154           5    1.4583702884395e-133            50.174           12.3045
     154           6    1.4583702884395e-133           49.4444            7.5512
     155           3    1.8229628605494e-134           51.4183            7.9979
     155           4    1.8229628605494e-134           46.9162             6.016
     156           0    2.2787035756868e-135           50.0017            6.9929
     156           1    2.2787035756868e-135           47.2735            6.7209
     156           4    2.2787035756868e-135           51.3342           10.8808
     156           5    2.2787035756868e-135           48.0615            7.5939
     156           7    2.2787035756868e-135           50.5599            8.0425
     157           0    2.8483794696084e-136           48.3108           10.5832
     157           1    2.8483794696084e-136           49.7698            6.7483
     157           2    2.8483794696084e-136           54.2222           11.2777
     157           4    2.8483794696084e-136           49.0014             7.326
     157           6    2.8483794696084e-136           50.9124          8.738501
     157           7    2.8483794696084e-136           50.7115            7.8257
     158           0    3.5604743370106e-137           53.7044            8.6997
     158           1    3.5604743370106e-137           49.8815            6.2059
     158           2    3.5604743370106e-137            47.028            6.5218
     158           3    3.5604743370106e-137           48.9094             6.488
     158           4    3.5604743370106e-137           48.9862           10.7256
     158           5    3.5604743370106e-137           49.4958            6.6562
     158           6    3.5604743370106e-137           52.9222           10.4026
     158           7    3.5604743370106e-137            54.828           11.9516
