2.799525275340441618e-16
1.758898245952462832e-16
3.727907494067022020e-16
3.771695042328773045e-16
3.107702632477884887e-16
1.970032879116271727e-16
1.080411286922577560e-16
6.050846897614816750e-17
3.389963727532703990e-16
2.522296367279378134e-16
3.168714383055338228e-16
1.512500650107579728e-16
2.391584585316583455e-16
2.075352404533838869e-16
3.800001510950841702e-16
3.314363950499743639e-16
4.788765877205678031e-16
2.735300866375892080e-15
2.042720673025799032e-16
2.539141990099098496e-16
1.452961631738450001e-16
1.860995993590698463e-16
2.553018395858454029e-16
3.236643890661876941e-16
2.616127702912071347e-16
1.711702767146812311e-16
1.793806924433261535e-16
2.661172246287705185e-16
2.197267138819387346e-16
2.619764897662895636e-16
1.550724780896583372e-16
2.876819852179330114e-15
2.523456057210864835e-15
2.795759273884969986e-15
5.696553140312273639e-02
1.620056654903286875e-01
6.290839152360669648e-16
6.599612525645627268e-19
6.524629404342258132e-02
8.279861408270715317e-02
3.519520018499527197e-02
7.383397050352133451e-02
1.028920075063330664e-01
4.102397677053014240e-16
9.965022535408012139e-02
4.245633309526819499e-02
3.950929044308054959e-16
2.373529814529913713e-16
1.658804860430265463e-16
2.084720903699257821e-15
1.687686569138209292e-16
6.094646265497545247e-17
1.863453999760686232e-16
1.187142427404031033e-16
2.039307400918633281e-16
4.331584819368244581e-16
4.693232651894081714e-16
2.395573581836399991e-16
2.289311248339641549e-16
3.187680297792405402e-16
3.019692098660284904e-16
3.056372355055861088e-16
3.646315908688804216e-16
3.747722888645746074e-16
1.468569705967692933e-16
5.255469689034912537e-15
1.156817458139142398e-15
1.693629979717101164e-02
5.069112516021862663e-02
3.339087797702198848e-15
5.359289737406942032e-16
9.949368287297141039e-03
1.950366646957700322e-15
1.775513927343190441e-16
1.378086835933845901e-16
3.509604899905991919e-16
1.697143167541295611e-16
3.859346574660366205e-16
8.902357183002077109e-16
3.668530777953694647e-16
1.587341618813922495e-01
1.859215806536898931e-16
3.022840166908923088e-15
4.264520321009585696e-02
6.335437627481323018e-16
1.360443170066048755e-16
7.518175525322187596e-16
3.501755334207516133e-16
